0 0.284801 0.690958 0.060633 0.132806
0 0.340656 0.542938 0.051359 0.061986
0 0.178668 0.393208 0.012742 0.012944
0 0.227367 0.383500 0.022750 0.025889
0 0.850840 0.694007 0.089523 0.083181
0 0.267227 0.587076 0.047422 0.076542
0 0.700340 0.598917 0.066695 0.071306
0 0.715336 0.513646 0.055375 0.059792
0 0.456187 0.604014 0.051344 0.077194
0 0.774734 0.870417 0.118641 0.148306
0 0.877773 0.645674 0.082687 0.071264
0 0.265594 0.398868 0.019109 0.024264
0 0.242387 0.406958 0.027305 0.030750
0 0.211895 0.400486 0.019117 0.027500
0 0.230098 0.452264 0.039133 0.040444
0 0.264684 0.487861 0.035492 0.043694
0 0.237379 0.519417 0.035492 0.058250
0 0.311105 0.402917 0.020930 0.019417
0 0.445805 0.462778 0.039109 0.038833
0 0.421691 0.544507 0.056430 0.069597
0 0.494051 0.549354 0.048242 0.053403
0 0.246949 0.914549 0.098727 0.168125
0 0.372543 0.406153 0.029133 0.032361
0 0.596449 0.464403 0.038227 0.038833
0 0.488590 0.432042 0.030039 0.045306
0 0.521977 0.659396 0.075828 0.121569
0 0.671996 0.961972 0.118320 0.076056
0 0.575332 0.485528 0.049023 0.048000
0 0.362816 0.435333 0.033742 0.026222
0 0.315688 0.427201 0.029781 0.023764
0 0.409402 0.675194 0.059086 0.113833
