0 0.332496 0.536979 0.043039 0.062375
0 0.424316 0.566549 0.052336 0.080403
0 0.821996 0.559021 0.068773 0.055764
0 0.709703 0.551840 0.060687 0.062014
0 0.507250 0.427993 0.101938 0.092236
0 0.626941 0.863264 0.121055 0.173139
0 0.276062 0.489479 0.043688 0.053403
0 0.322027 0.476535 0.042773 0.040458
0 0.372543 0.508896 0.043695 0.053403
0 0.387559 0.429611 0.030039 0.030750
0 0.343414 0.428806 0.025484 0.025889
0 0.363438 0.411812 0.021844 0.027514
0 0.303371 0.423139 0.023664 0.027500
0 0.567648 0.498556 0.055547 0.091250
0 0.800590 0.506889 0.063258 0.047667
0 0.682031 0.497563 0.052500 0.052875
0 0.955594 0.604542 0.060469 0.071000
0 0.565293 0.478840 0.051898 0.052153
0 0.301055 0.654896 0.051656 0.102708
0 0.258871 0.552569 0.041852 0.072917
0 0.651148 0.443340 0.122859 0.083625
0 0.474465 0.972493 0.103727 0.055014
0 0.254664 0.946597 0.106516 0.103556
0 0.281977 0.402924 0.024578 0.029153
0 0.248293 0.403722 0.026383 0.030750
0 0.193688 0.436896 0.031859 0.067958
0 0.213715 0.393208 0.030039 0.025889
0 0.778430 0.655236 0.084578 0.071583
