0 0.452688 0.521840 0.046422 0.053236
0 0.345281 0.492799 0.044594 0.056625
0 0.613719 0.476444 0.036594 0.034639
0 0.480457 0.433222 0.037680 0.039861
0 0.306184 0.413299 0.020102 0.019597
0 0.575605 0.480167 0.052039 0.051056
0 0.482926 0.471910 0.041492 0.029542
0 0.386320 0.626479 0.060344 0.094069
0 0.785410 0.561993 0.099039 0.095264
0 0.850078 0.562396 0.061766 0.079153
0 0.718422 0.604090 0.064609 0.080347
0 0.528711 0.726479 0.068359 0.103097
0 0.780766 0.423139 0.039141 0.050167
0 0.455094 0.589625 0.059563 0.075194
0 0.275586 0.603868 0.044141 0.075042
0 0.265641 0.481472 0.045516 0.053389
0 0.581914 0.527125 0.055547 0.053528
0 0.258305 0.552590 0.042766 0.063097
0 0.181855 0.385924 0.024570 0.024264
0 0.214625 0.398868 0.019109 0.027514
0 0.252398 0.397250 0.018203 0.024278
0 0.373453 0.443361 0.036406 0.038833
0 0.407145 0.431194 0.029148 0.040389
0 0.822422 0.923951 0.160312 0.152097
0 0.425836 0.936007 0.125609 0.124597
