0 0.352504 0.413264 0.024742 0.037472
0 0.409316 0.582924 0.053508 0.068403
0 0.648152 0.571556 0.056773 0.042000
0 0.417566 0.427569 0.038102 0.042917
0 0.858031 0.931986 0.117219 0.136028
0 0.703016 0.505042 0.054906 0.055472
0 0.390766 0.585007 0.090297 0.082125
0 0.369398 0.587653 0.046719 0.076750
0 0.443539 0.502944 0.049437 0.066778
0 0.401004 0.677424 0.060992 0.114903
0 0.657918 0.699174 0.088586 0.113542
0 0.544996 0.502125 0.044727 0.050056
0 0.308668 0.521285 0.039961 0.057486
0 0.467348 0.438743 0.040352 0.050375
0 0.628617 0.510549 0.052250 0.047597
0 0.920125 0.651618 0.100234 0.102764
0 0.766156 0.642278 0.077375 0.085111
0 0.498109 0.628722 0.066484 0.102194
0 0.597602 0.826569 0.094047 0.139778
0 0.663789 0.966021 0.111016 0.058264
0 0.530461 0.584146 0.053703 0.074431
0 0.376180 0.517819 0.041859 0.051750
0 0.332496 0.483014 0.041867 0.043694
0 0.256965 0.480563 0.038258 0.045264
0 0.249211 0.446639 0.031859 0.038833
0 0.198695 0.445792 0.018203 0.040444
0 0.173664 0.395632 0.013656 0.017792
0 0.188680 0.392396 0.010922 0.017792
0 0.218719 0.406146 0.018203 0.022653
0 0.262863 0.416667 0.017289 0.021028
0 0.295176 0.416667 0.025492 0.024278
0 0.545039 0.457910 0.048203 0.029153
0 0.378914 0.472486 0.041875 0.045306
0 0.237379 0.401299 0.015477 0.022653
