0 0.485961 0.466681 0.033984 0.043111
0 0.835090 0.689382 0.090305 0.084542
0 0.555629 0.460847 0.035242 0.038972
0 0.282715 0.652715 0.056102 0.099875
0 0.502848 0.649896 0.069930 0.107847
0 0.245195 0.468882 0.037844 0.045958
0 0.352063 0.438153 0.024984 0.019639
0 0.396699 0.429840 0.020930 0.020986
0 0.474445 0.467375 0.056922 0.043306
0 0.825617 0.553174 0.072453 0.071042
0 0.765852 0.602361 0.068687 0.075500
0 0.559059 0.775174 0.082117 0.124764
0 0.972324 0.724111 0.055352 0.082694
0 0.322984 0.420708 0.029125 0.032528
0 0.302504 0.397972 0.028211 0.025889
0 0.272012 0.405340 0.023664 0.027681
0 0.203746 0.392313 0.034586 0.037208
0 0.433117 0.946521 0.125609 0.103569
0 0.639273 0.485528 0.035500 0.035611
0 0.620160 0.451535 0.046414 0.035597
0 0.614691 0.507257 0.051867 0.059653
0 0.314336 0.481472 0.040953 0.037222
0 0.383512 0.485514 0.040961 0.045306
0 0.262031 0.546035 0.043750 0.063097
0 0.323359 0.527243 0.047531 0.068097
