0 0.288750 0.595486 0.079844 0.167361
0 0.351152 0.468639 0.044258 0.059778
0 0.532348 0.681104 0.070008 0.118069
0 0.626020 0.499549 0.052102 0.053181
0 0.342871 0.543014 0.040086 0.067778
0 0.440617 0.581764 0.052109 0.067083
0 0.447813 0.457743 0.046500 0.048264
0 0.522270 0.440938 0.037320 0.050153
0 0.971160 0.737861 0.057680 0.116500
0 0.832645 0.553403 0.081008 0.071194
0 0.433070 0.424757 0.031859 0.033986
0 0.387562 0.430424 0.017297 0.022653
0 0.369355 0.439319 0.028211 0.033972
0 0.328852 0.415854 0.025484 0.029125
0 0.287437 0.400486 0.020938 0.024278
0 0.176395 0.395632 0.017289 0.024264
0 0.205977 0.401299 0.032766 0.022653
0 0.242383 0.431215 0.036406 0.030764
0 0.256492 0.457924 0.031859 0.042069
0 0.722699 0.548438 0.064523 0.070153
0 0.595125 0.528715 0.048922 0.060597
0 0.491508 0.462472 0.038531 0.040222
0 0.839027 0.618604 0.091758 0.080875
0 0.499820 0.556868 0.065250 0.073042
0 0.247488 0.520910 0.045805 0.079875
