0 0.212801 0.439319 0.033680 0.033972
0 0.189594 0.398069 0.020031 0.029139
0 0.237379 0.404528 0.022758 0.025889
0 0.676910 0.580743 0.062211 0.066819
0 0.929129 0.608486 0.083602 0.075306
0 0.262406 0.409389 0.021844 0.025889
0 0.313836 0.415049 0.026391 0.024264
0 0.663152 0.476292 0.043758 0.030861
0 0.840418 0.959729 0.047195 0.068264
0 0.282738 0.782111 0.078508 0.169556
0 0.376184 0.418285 0.020023 0.037208
0 0.936516 0.692208 0.085641 0.076556
0 0.979398 0.580125 0.041125 0.071694
0 0.472664 0.424757 0.047328 0.040458
0 0.535457 0.435271 0.032789 0.035597
0 0.241473 0.466014 0.038227 0.038833
0 0.202336 0.478160 0.032766 0.053403
0 0.238289 0.521840 0.037312 0.053403
0 0.546391 0.580903 0.069172 0.103556
0 0.676547 0.959542 0.112859 0.077667
0 0.342961 0.494340 0.040953 0.046931
0 0.274699 0.589000 0.040961 0.058250
0 0.499527 0.483007 0.046398 0.053403
0 0.449910 0.467632 0.027305 0.042069
0 0.393023 0.440938 0.031859 0.040458
0 0.328855 0.547736 0.041867 0.063111
0 0.397578 0.657521 0.069687 0.137236
0 0.596523 0.529813 0.038641 0.048931
0 0.610254 0.474090 0.050336 0.051625
0 0.447281 0.573403 0.053781 0.065833
0 0.346602 0.469257 0.037312 0.029125
0 0.264227 0.449028 0.043688 0.040444
0 0.811191 0.676153 0.085023 0.082917
0 0.682719 0.721694 0.086203 0.128083
0 0.522504 0.693181 0.066523 0.116250
