0 0.371180 0.475701 0.039141 0.045264
0 0.293238 0.778486 0.072430 0.150000
0 0.737738 0.492535 0.051555 0.051847
0 0.748547 0.577972 0.070609 0.064361
0 0.544289 0.733528 0.073797 0.110306
0 0.301063 0.596229 0.042797 0.074347
0 0.897281 0.460250 0.070922 0.064389
0 0.508844 0.566375 0.054641 0.063167
0 0.328020 0.541375 0.038570 0.062972
0 0.292254 0.506646 0.039008 0.062097
0 0.251699 0.551090 0.041086 0.049458
0 0.913605 0.577306 0.082945 0.086500
0 0.322051 0.417250 0.041477 0.034167
0 0.333816 0.486021 0.042555 0.046042
0 0.391199 0.637542 0.088289 0.187694
0 0.211895 0.402104 0.017289 0.027514
0 0.260590 0.410194 0.030945 0.033972
0 0.259676 0.487083 0.030945 0.035556
0 0.260586 0.452264 0.032766 0.033972
0 0.289258 0.438507 0.033672 0.042069
0 0.401215 0.415049 0.026398 0.037208
0 0.431707 0.508931 0.045508 0.059806
0 0.734801 0.798549 0.118320 0.182847
0 0.193238 0.391569 0.018195 0.029083
