0 0.984668 0.649208 0.028383 0.087583
0 0.874926 0.697778 0.079148 0.081972
0 0.507133 0.464465 0.040359 0.037986
0 0.423809 0.421687 0.037070 0.034153
0 0.668086 0.521965 0.043828 0.044931
0 0.340457 0.421069 0.031586 0.039028
0 0.382117 0.624201 0.050766 0.077236
0 0.239656 0.521167 0.040266 0.063167
0 0.639145 0.561507 0.038602 0.050625
0 0.830715 0.612056 0.071617 0.062139
0 0.434027 0.898139 0.105586 0.197417
0 0.853082 0.942514 0.107055 0.108250
0 0.307414 0.530194 0.047016 0.070944
0 0.273965 0.839493 0.085648 0.135764
0 0.295219 0.469333 0.042781 0.051778
0 0.188727 0.393931 0.020938 0.024278
0 0.344371 0.495222 0.039133 0.051778
0 0.597406 0.642472 0.075547 0.097083
0 0.568262 0.447493 0.044570 0.040458
0 0.562363 0.487944 0.045508 0.056639
0 0.255625 0.402826 0.021844 0.022653
0 0.190094 0.455417 0.021844 0.082528
