0 0.236012 0.444174 0.034586 0.024264
0 0.406223 0.449833 0.030945 0.032361
0 0.665168 0.468417 0.040961 0.040389
0 0.545480 0.582528 0.058258 0.084139
0 0.462195 0.521035 0.050062 0.058264
0 0.385285 0.486222 0.036414 0.033944
0 0.234203 0.468444 0.030969 0.033972
0 0.274242 0.461972 0.036406 0.037222
0 0.324301 0.445792 0.041867 0.043694
0 0.370266 0.440938 0.022750 0.024264
0 0.465383 0.453069 0.036406 0.038833
0 0.380281 0.509708 0.046422 0.061500
0 0.515898 0.434465 0.044594 0.050153
0 0.476270 0.632667 0.059898 0.081889
0 0.700043 0.537701 0.057023 0.058625
0 0.736105 0.518403 0.052773 0.050639
0 0.285625 0.625569 0.053938 0.103528
0 0.194203 0.452014 0.013406 0.040972
0 0.616543 0.497646 0.051570 0.059653
0 0.842543 0.615944 0.072773 0.069472
0 0.778332 0.642958 0.087617 0.117111
0 0.262273 0.898542 0.121719 0.191667
0 0.552844 0.472118 0.052297 0.055625
0 0.292566 0.503799 0.040148 0.049764
0 0.623305 0.679708 0.078016 0.101861
0 0.438078 0.582187 0.048578 0.062819
0 0.338211 0.525931 0.062266 0.090028
0 0.990824 0.642319 0.018023 0.057972
0 0.343871 0.418285 0.019117 0.017792
0 0.296543 0.403722 0.026398 0.027500
0 0.256031 0.401326 0.020031 0.025958
0 0.227824 0.405340 0.020023 0.017792
0 0.271508 0.429611 0.032766 0.033972
