0 0.500879 0.450646 0.131070 0.144014
0 0.206371 0.487313 0.034602 0.055375
0 0.733281 0.627160 0.071875 0.062931
0 0.450348 0.958681 0.115555 0.079306
0 0.866848 0.720812 0.096039 0.097514
0 0.620637 0.550562 0.052273 0.055542
0 0.267316 0.539250 0.040164 0.069194
0 0.218266 0.401299 0.028219 0.022653
0 0.190504 0.435271 0.014570 0.029125
0 0.502387 0.554028 0.049195 0.056472
0 0.349332 0.434465 0.033680 0.037208
0 0.221906 0.423139 0.030031 0.027500
0 0.429430 0.505660 0.042781 0.053403
0 0.368902 0.510514 0.047336 0.063111
0 0.240484 0.466326 0.041906 0.049708
0 0.659371 0.514181 0.059820 0.047861
0 0.396125 0.691528 0.059344 0.093444
0 0.745027 0.559569 0.055695 0.054778
0 0.779273 0.545604 0.044672 0.039958
0 0.289469 0.501903 0.037484 0.041806
0 0.560852 0.510090 0.048672 0.048569
