0 0.597816 0.456306 0.028211 0.051778
0 0.944684 0.743264 0.106242 0.155972
0 0.432160 0.436083 0.026398 0.033972
0 0.400285 0.449861 0.033648 0.038889
0 0.192324 0.398875 0.018211 0.027528
0 0.265594 0.409389 0.024578 0.032361
0 0.241477 0.406958 0.021844 0.024278
0 0.308816 0.470035 0.040023 0.046875
0 0.272422 0.490299 0.041875 0.048569
0 0.238289 0.533174 0.033672 0.056625
0 0.378461 0.617313 0.060984 0.098708
0 0.478125 0.610840 0.065531 0.101931
0 0.557492 0.469583 0.056109 0.057500
0 0.635223 0.557438 0.058961 0.051931
0 0.772852 0.652861 0.078312 0.090583
0 0.814422 0.519597 0.059906 0.057917
0 0.768801 0.568944 0.067367 0.067306
0 0.608117 0.889674 0.110719 0.182292
0 0.275813 0.707993 0.062688 0.101264
0 0.271941 0.832722 0.080508 0.161889
0 0.686523 0.742688 0.090188 0.116347
0 0.497332 0.481389 0.042758 0.038750
0 0.462691 0.949444 0.114289 0.095083
0 0.326355 0.416861 0.034852 0.035861
0 0.762918 0.409319 0.037430 0.050444
